0.965;1.265;1.569;35.25
0.805;-1.65;0.651;42.1117
-1.796;-1.058;0.614;30.071
1.301;-0.189;-0.069;22.0685
-0.007;0.035;0.683;14.8048
1.808;1.72;1.642;43.51
0.579;1.308;-1.29;48.5544
-0.506;0.364;-1.49;59.1477
-0.904;-1.223;1.643;31.3166
-0.824;0.999;-0.715;19.886
0.636;-0.381;1.256;46.4025
1.564;1.673;1.62;59.0129
0.302;1.99;0.7;30.8606
-1.619;1.165;-0.541;46.1832
-1.038;-0.185;-1.966;11.5163
1.601;-1.68;-0.482;57.8649
-1.998;0.752;-1.318;30.3135
1.757;-0.832;1.54;40.4698
-1.471;1.884;-1.597;48.8383
0.379;-1.891;1.863;30.1735
-0.089;0.544;0.892;24.4584
-1.311;0.114;-0.113;20.3579
-0.998;0.265;-1.446;33.5289
1.497;1.009;-0.26;33.9688
-0.106;0.97;0.082;4.57127
-1.701;-0.654;1.514;54.2777
-0.331;-0.466;-1.113;38.6271
0.097;-1.458;-1.08;25.9928
1.226;0.799;0.545;37.5088
-0.147;1.028;-1.765;17.3776
0.246;-1.006;0.354;27.033
-1.223;1.072;0.676;26.9033
-1.235;1.361;-1.797;39.1778
0.524;-1.892;0.526;46.0997
-0.732;-1.359;-0.343;45.4711
-1.004;-1.65;-1.025;20.7853
-0.19;-0.442;-0.126;28.8829
0.615;0.289;1.831;38.8689
-0.41;1.926;-0.162;28.1569
-0.161;-1.711;0.97;21.1924
0.899;-1.856;0.702;23.4845
0.818;0.544;0.906;28.9565
-0.321;-0.811;-1.888;27.2759
1.931;-0.972;0.262;16.575
-0.901;-1.301;-0.131;20.745
-1.129;-1.01;-0.184;11.4281
-0.116;1.98;1.672;24.0559
-0.515;-0.898;0.913;25.3024
0.871;1.224;-0.565;33.2361
-1.858;-1.982;1.804;21.0937
-0.101;0.249;1.928;16.6794
1.332;0.764;-1.107;29.8082
1.225;-0.487;1.778;41.5512
0.763;-0.493;0.966;31.1601
-0.594;1.886;1.728;39.0372
-0.391;-1.309;1.907;38.53
-0.819;-1.939;-1.324;27.192
1.528;-1.522;1.782;55.58
-1.455;1.812;1.441;52.6027
-0.563;1.092;0.248;32.2967
1.152;-0.499;-0.697;39.5549
1.637;0.475;-1.091;42.0815
-0.871;1.326;1.509;42.4827
-0.241;0.689;-0.674;38.7573
-1.715;-0.12;-1.327;34.2598
1.117;-1.743;-1.184;24.6808
-1.826;1.391;1.198;36.6442
-1.748;1.359;1.15;36.7984
1.371;1.211;-0.347;43.656
0.857;-0.906;1.982;11.0137
-1.318;-0.995;-1.313;32.4556
0.012;-1.315;-1.997;19.719
-1.116;0.036;-0.1;5.9619
1.53;1.34;1.236;49.9668
-1.245;0.039;-1;12.5362
-0.487;0.804;-1.783;38.6425
-0.681;-0.312;1.015;29.6344
1.426;-1.543;-1.203;51.5268
-0.027;0.147;-0.905;6.68482
-1.038;-1.569;0.519;43.0959
1.072;-1.277;0.501;35.725
0.948;1.671;0.687;33.3102
1.251;-0.083;-0.053;13.5162
-1.935;-0.946;-1.765;18.2058
1.495;1.807;0.88;35.4747
-0.548;1.883;1.827;34.6636
1.648;-0.467;-0.39;56.5561
-0.743;-1.066;1.508;35.2371
-0.873;0.92;-0.803;13.2397
-0.863;1.225;0.804;21.4809
-1.622;-0.569;1.366;57.7587
-1.821;1.02;-1.307;25.3343
0.447;-1.921;-0.764;34.2527
0.57;-1.864;0.395;44.3394
1.975;-1.288;0.348;33.9445
-0.694;-1.311;-0.952;30.744
1.15;-0.404;-0.003;23.845
-0.05;0.195;-1.638;26.2962
1.442;-0.402;-0.946;41.2127
0.5;1.888;0.815;32.8829
-1.829;-1.063;0.78;19.2207
-0.544;-1.584;0.455;60.8745
1.047;0.632;-0.271;30.0709
-1.756;-1.338;0.386;47.4401
-0.556;1.852;-1.314;42.7877
-1.223;-0.428;1.835;37.2614
1.598;-1.232;0.233;40.0944
0.253;1.746;-1.866;30.3741
1.432;1.044;-1.692;39.0483
1.047;0.071;1.003;3.52058
-1.227;-0.346;1.172;32.5244
-0.167;0.717;1.85;25.1634
-0.889;-1.225;1.104;16.3406
-1.994;-1.404;-0.027;24.334
1.81;-0.05;1.541;32.1315
0.842;-1.845;1.095;15.9564
0.744;0.699;1.582;45.7735
1.95;-1.755;0.35;33.0582
-1.033;-1.172;0.515;28.1687
1.615;0.323;-1.56;56.3726
-1.077;1.315;1.989;21.9883
-0.563;1.532;1.163;47.8437
-0.01;0.797;1.089;10.4538
0.251;1.58;1.062;33.2624
-1.344;0.332;-0.785;40.8474
1.541;-1.451;0.894;46.6162
0.456;-1.431;-0.802;48.3846
-0.99;1.338;1.625;37.7535
0.28;0.023;0.373;29.1778
0.856;-1.462;-1.645;45.243
-0.696;-1.017;-0.128;17.9837
-1.627;0.312;1.26;45.7394
-1.541;0.409;0.495;60.8615
-0.59;1.671;0.347;52.1907
1.974;-1.103;-0.883;10.6308
0.351;0.741;-1.169;33.6601
-0.662;-0.576;-1.702;50.7704
-0.281;1.408;-1.688;49.0193
1.353;0.521;0.651;54.2951
-1.168;0.852;1.283;24.8885
-1.641;-0.952;0.091;21.9751
0.35;-0.368;-0.231;41.7515
-0.075;1.995;0.921;7.1356
1.481;1.311;-1.504;59.8394
-1.375;-0.353;-0.972;36.2147
-0.386;0.787;1.799;36.213
-1.026;1.493;-1.074;25.6203
-1.8;-0.66;0.074;27.0108
1.909;1.652;-0.092;25.3729
0.759;-1.113;-1.616;33.7369
1.627;0.787;1.2;36.2941
0.213;0.547;0.373;44.7286
1.825;-1.785;-0.348;35.6923
-1.869;0.255;-1.436;38.3372
-1.617;-0.209;-1.064;29.4579
-0.146;-1.714;1.397;39.0521
-1.925;0.716;0.288;29.8762
0.286;-0.153;-0.658;32.5205
-1.661;1.241;0.836;34.5934
-1.648;-0.461;-1.078;40.9479
1.426;-1.055;-1.133;27.2529
-0.941;1.119;-0.124;8.38439
0.329;-1.422;-1.635;55.002
-1.226;-0.274;1.163;27.7325
-1.837;-0.655;1.606;44.6684
1.192;0.338;-0.975;24.2965
0.237;-0.258;0.683;34.3622
0.342;0.083;1.97;20.9751
1.087;-0.375;-0.534;39.9083
-1.86;-0.841;1.698;28.4741
-0.195;-1.014;-1.003;8.72529
-1.335;-1.853;-1.368;42.9017
1.771;0.795;-1.42;40.4424
-0.577;-0.693;-0.369;50.1065
1.019;-0.868;-1.122;9.16543
-1.286;-0.563;-0.942;34.9843
0.249;1.104;-1.223;23.0855
-0.542;1.452;-1.812;51.0901
-1.216;1.466;-1.923;36.126
-0.59;1.831;-1.765;39.4456
-1.323;0.947;1.29;31.7751
0.928;0.473;-1.488;44.133
0.148;-1.412;-1.124;28.6946
-1.533;0.237;0.291;44.0085
-1.773;0.858;-1.422;37.0077
-1.844;0.233;1.829;25.4026
1.355;1.909;0.531;43.2928
-1.613;-0.327;0.36;51.4477
-1.017;0.504;1.839;29.4189
1.853;0.233;0.177;21.9962
-1.886;0.767;-1.978;19.5445
1.163;1.604;1.811;36.2072
0.709;-1.888;1.261;31.2712
1.014;0.986;1.123;6.17949
-0.741;-1.273;-1.924;28.9953
1.343;1.788;1.669;45.8101
-0.806;-1.413;1.865;34.6077
-1.574;0.266;0.289;44.9998
-1.13;1.88;0.546;30.5595
-1.728;-0.281;0.675;41.3739
-0.117;-1.938;1.477;29.1786
-0.177;0.658;1.841;29.4787
-0.624;-1.301;0.544;52.2634
0.672;-0.553;-1.153;40.5202
-0.979;-0.731;-0.601;31.185
-1.262;-0.368;0.166;34.226
-0.255;1.647;-1.51;51.3814
0.388;-0.273;-0.248;39.2254
1.285;-1.116;-0.585;36.5683
1.691;-0.057;-0.019;17.1915
0.688;-1.132;1.643;37.7266
-1.52;-0.587;-1.964;45.2309
0.417;1.519;-0.967;42.2301
0.049;0.5;0.823;26.9724
0.378;-0.898;-0.035;20.3788
-1.393;-0.872;0.492;43.8176
0.278;1.686;0.647;45.0317
1.84;0.754;-0.632;35.4973
-1.276;1.191;-0.437;40.468
-0.478;0.069;1.08;23.4663
1.34;-1.146;-0.268;33.5883
-0.167;-1.263;0.577;36.6424
-1.636;-1.419;-1.573;61.4293
1.163;0.484;0.012;26.3667
-1.688;-0.754;-1.635;46.2507
-0.965;-0.366;0.651;34.2168
1.015;0.317;1.686;32.0179
-0.775;-0.359;1.618;45.4839
-0.087;-0.369;0.432;37.6882
-1.024;-1.402;0.516;41.5068
-1.305;1.111;0.971;19.7682
0.853;-1.608;-0.871;28.9361
-1.787;1.543;-0.894;35.8439
1.946;-1.816;0.782;22.2402
0.668;-1.564;1.7;53.0021
-0.723;-1.175;-0.482;39.2202
-0.556;-0.193;1.58;47.4878
1.774;-0.327;0.149;30.4969
-0.259;-1.411;-1.274;44.2253
0.32;-1.316;-0.966;31.2816
1.565;-1.774;1.798;43.534
-0.607;-0.101;1.44;41.5208
0.007;1.245;1.263;23.6567
-0.309;-1.105;1.163;23.1921
-1.52;1.12;-0.153;30.4953
1.794;1.296;-1.86;32.1041
-1.115;-0.336;0.875;22.694
-0.941;-0.098;-0.954;4.73588
0.805;0.947;-0.164;13.5893
1.207;-1.677;-0.987;27.0352
1.872;-0.547;0.856;30.9883
0.436;-1.942;-1.155;29.5337
1.555;0.048;0.167;27.3265
0.364;1.527;-1.547;60.8469
-1.911;-1.423;1.244;37.223
-1.112;1.005;0.556;24.3236
0.02;-0.894;-1.222;12.7587
-1.8;-0.224;1.361;36.8485
0.854;1.55;1.635;45.8494
1.531;1.757;-1.526;56.9978
-0.105;0.324;0.34;32.1721
0.785;-1.921;1.745;26.691
1.562;0.467;1.437;62.9862
-0.851;1.952;-1.17;15.6087
-0.603;-0.083;1.691;36.16
1.843;-0.302;1.84;29.2082
0.92;-0.179;-1.832;16.2298
1.641;0.143;0.862;27.0836
0.057;1.631;0.027;20.2417
1.324;0.859;0.628;37.9799
-0.791;-0.067;1.466;30.8774
0.837;0.526;-1.793;36.1918
0.058;-1.358;1.502;41.0364
1.036;-0.128;0.415;23.1875
-0.229;0.683;-0.286;35.6143
0.986;0.107;-0.839;8.59721
1.435;0.158;0.621;43.43
-1.622;-1.212;0.023;29.0427
1.261;0.235;-1.537;43.4882
1.063;0.342;0.874;21.2215
-0.074;-1.912;0.071;7.19656
1.209;-1.34;-1.358;44.1889
-0.407;1.358;1.297;51.2201
1.503;-1.984;-1.362;44.5696
-1.212;-1.746;-0.48;42.5553
-1.876;0.532;1.221;36.1644
1.922;0.812;1.344;29.1078
-0.933;-0.298;1.485;36.9636
-1.088;-1.579;-0.645;40.5053
0.678;1.339;0.815;38.6216
0.974;0.4;1.498;41.5752
-1.123;-0.672;0.933;21.004
-0.835;1.33;-1.973;26.2295
1.575;-0.948;0.288;35.2663
-0.891;-0.092;0.945;6.16625
-1.887;0.886;1.816;18.4884
0.357;-0.233;-1.945;29.7177
-0.685;0.679;-1.009;30.2504
1.243;1.021;-1.516;34.4825
-1.109;-1.245;-0.137;18.2212
-0.141;0.319;0.588;36.8525
-0.508;0.689;-1.38;53.6538
-1.861;1.353;1.805;34.7714
0.46;-0.963;-1.648;39.7888
-0.972;-1.155;1.432;27.964
-1.677;1.167;-0.126;26.6093
-0.186;-1.417;-1.861;33.8403
1.654;-0.861;0.342;38.3081
1.53;0.162;1.348;44.5311
-0.67;0.968;-1.696;32.6095
0.426;0.007;-1.967;23.2129
-1.023;1.176;-1.328;24.5205
1.825;0.525;-0.927;30.8361
-1.043;-0.836;1.097;10.009
-0.378;-0.652;-1.393;53.3112
-1.858;-0.193;1.605;34.1847
0.646;-0.777;-1.193;33.3299
-1.358;-0.416;0.266;48.0077
-0.323;-1.73;-1.952;33.0398
0.475;-0.552;-0.315;53.9489
-0.795;0.19;-0.486;34.3945
0.637;0.7;1.692;46.9313
0.217;1.692;1.684;41.2804
-0.617;1.338;1.85;42.3847
-0.27;0.273;-1.426;43.8128
-1.32;-1.306;-1.27;44.0185
1.698;0.321;0.638;47.3878
-1.719;-0.142;0.976;19.6998
-1.926;-0.355;-0.418;39.9027
-0.142;-1.248;0.868;19.1752
0.159;-1.715;-0.911;22.0899
0.427;-0.197;-0.639;42.7495
-1.701;1.335;0.215;40.6612
-1.074;-0.976;-1.82;12.3357
0.013;1.143;0.055;5.7063
-1.94;-1.057;-1.37;24.94
-1.662;-0.182;-0.79;32.0406
1.583;-0.768;1.439;51.983
1.214;0.889;-0.557;32.0322
-1.355;1.869;-1.894;30.3831
0.228;-1.757;0.962;22.5306
-1.278;0.662;0.016;29.1243
-0.748;0.796;-1.896;24.1235
1.051;1.467;-1.552;45.4312
1.055;-1.286;1.123;19.7025
-1.972;0.756;1.729;28.5429
0.799;-0.827;-0.663;29.2782
0.966;1.855;1.816;17.7412
1.65;1.827;1.22;36.9014
-0.779;1.042;-1.989;14.2067
1.267;1.631;0.659;47.9766
0.545;1.289;0.589;52.8112
1.946;1.077;1.39;26.3019
0.405;0.218;0.72;38.8775
1.293;-1.975;-0.568;37.7883
-0.094;1.795;-1.758;24.7231
0.047;0.826;1.238;17.3009
0.445;1.477;-1.914;46.7723
-0.216;-1.245;-0.355;35.4176
-1.925;-0.596;-1.331;40.0302
-0.865;-0.393;0.376;39.3702
-1.176;-1.707;1.381;41.7217
-0.869;-1.899;-1.817;18.7237
-0.382;-1.007;0.66;34.3386
0.809;0.958;1.268;21.0321
-0.414;-0.205;1.796;36.3742
-1.898;0.832;-1.487;33.5295
0.093;-1.619;-0.489;41.8368
-1.315;1.745;-0.21;36.617
0.376;-1.43;0.784;46.8445
-0.611;0.393;-1.566;57.6214
-0.815;-1.565;-1.379;47.4677
1.746;-1.063;0.737;26.5621
-0.062;0.291;-1.538;35.4672
-0.828;-0.351;-0.819;28.5002
-0.116;0.761;-1.246;23.7438
0.232;-0.92;1.219;20.5591
-1.841;-0.733;0.083;20.9177
-0.629;-0.871;0.408;39.696
-1.903;-1.16;0.576;30.6224
0.607;-1.174;1.055;26.6791
-1.521;-0.829;-0.687;42.4792
0.092;-1.498;-0.302;37.177
1.059;-1.086;-1.827;13.0913
-0.52;-0.91;-1.553;44.4388
1.701;1.934;-1.181;27.7056
-1.372;-0.687;0.047;33.5818
1.269;0.499;-1.643;51.9775
-0.212;-0.22;0.377;33.156
-1.01;-0.992;-0.82;8.45113
1.775;1.186;-1.69;35.6165
1.041;-0.996;-1.591;23.3496
-0.278;1.214;-1.363;39.4347
-0.436;0.893;-0.595;40.9908
1.959;-0.659;-0.435;39.3799
-0.665;-1.253;-1.241;38.266
0.5;-0.34;0.284;47.9246
-0.488;-0.24;-1.003;30.6472
1.934;-1.124;-0.845;13.8292
0.439;-1.409;0.475;59.9644
-1.636;0.619;-0.39;54.8153
0.422;0.294;1.005;32.8319
-0.071;0.894;1.983;7.90933
-0.767;0.763;1.91;24.4933
1.979;0.829;-1.577;31.2675
-1.862;0.65;-1.085;25.8666
-0.592;1.008;1.447;41.2989
1.197;0.169;0.221;21.5568
0.339;1.55;0.923;39.3327
0.011;-0.254;0.054;10.9128
0.228;-0.406;1.268;39.8813
-0.074;-1.534;0.277;34.958
-0.762;-0.667;-1.983;29.2434
-1.194;-1.238;0.066;19.6105
-1.423;1.421;1.364;60.116
1.691;0.187;-1.043;24.112
1.751;1.902;-1.131;22.937
-1.753;1.872;1.262;31.7983
0.981;1.546;-0.032;23.2113
1.801;0.738;0.299;34.5114
-0.928;0.583;1.297;35.4703
-0.414;-0.272;1.269;42.9999
-0.593;0.054;-1.808;28.9702
-0.926;0.474;1.178;29.0271
0.851;-1.239;-0.715;28.3328
1.591;-0.175;-0.143;30.224
-1.381;-1.652;1.404;57.9511
0.722;-0.717;-0.716;37.477
0.469;-0.039;1.669;37.9892
-1.017;-1.953;-1.491;27.5455
-1.171;1.891;1.94;16.9055
-0.205;0.525;-0.916;29.6044
0.504;-1.905;-0.632;42.7618
-0.399;1.803;1.548;50.1392
0.3;-0.495;0.258;43.9893
1.022;1.039;-1.538;24.5999
0.504;1.926;-1.89;30.8889
-0.67;0.289;1.685;44.5867
1.906;-0.225;-0.929;15.6549
-0.94;0.515;-0.741;32.9209
-1.575;-1.212;-1.951;34.7713
1.179;1.992;1.122;15.112
-0.799;0.719;0.5;40.3105
0.813;1.461;0.079;29.854
0.479;1.579;-1.248;52.8608
1.444;1.44;0.136;46.2965
-0.6;-0.918;1.842;28.5201
-1.535;0.077;0.308;36.928
1.838;-0.544;-1.832;36.4717
-1.615;0.503;0.905;42.9088
-1.481;-1.042;-1.836;31.7806
-1.132;-0.407;-1.828;31.6691
-0.765;-0.964;0.405;29.263
-0.557;0.14;1.879;29.6052
-0.096;-0.042;-1.932;6.7534
1.959;1.342;-0.423;40.4638
-1.165;-0.719;0.264;29.6675
1.345;-0.888;-1.685;37.4047
0.495;0.62;1.931;42.5681
-0.645;-1.392;-0.143;40.06
1.027;-0.962;-1.527;24.5956
-1.336;0.313;-0.665;46.4157
1.131;0.652;-1.491;42.8876
0.744;-0.528;-0.256;41.4973
0.296;-0.363;-0.146;33.5299
-1.743;-0.59;-1.785;43.2739
0.141;-0.582;-1.436;43.9992
1.983;1.238;-0.307;28.3683
1.184;-0.948;1.293;23.1414
-1.935;1.664;1.518;44.7204
0.704;-1.753;1.901;31.7172
-1.028;1.728;1.586;36.6657
-0.399;0.195;-0.561;44.4521
0.95;0.718;1.423;34.7818
-0.774;-0.033;1.52;31.5436
-0.913;1.578;-1.467;45.5417
1.249;0.916;0.246;23.5062
0.175;0.732;0.891;20.204
-0.197;1.878;-1.468;35.0473
-0.244;0.494;-1.397;49.8491
-1.419;-0.799;1.809;38.004
0.156;0.283;1.258;28.6793
-0.412;1.395;0.739;49.764
-0.496;-0.066;1.471;43.0931
-0.402;-1.479;1.821;49.427
0.919;-1.651;-0.723;32.8757
0.282;-1.572;-0.375;50.7536
-0.938;1.472;1.214;32.8726
1.122;-1.459;-1.922;30.7257
-0.574;0.923;-1.294;35.6715
-1.157;0.355;0.211;29.6958
1.851;1.45;0.727;41.0793
1.399;-1.582;-1.314;56.8552
0.691;0.118;1.976;20.7571
-1.792;1.169;-0.746;27.9047
-1.778;0.894;0.336;29.6047
-1.467;-1.322;-0.954;39.3816
-0.643;0.946;0.693;32.0919
-0.268;-0.399;-0.963;30.6091
1.052;0.36;-1.285;31.9722
1.26;0.455;-0.357;48.3808
0.672;-1.472;-1.338;54.213
-0.204;1.184;-1.464;36.4528
0.474;1.142;-0.997;26.1146
0.116;0.674;1.724;32.2027
-0.461;-0.148;-0.554;43.6935
-0.12;0.883;-0.958;7.35093
0.115;-1.641;-1.648;40.2257
-1.852;1.817;1.657;34.928
1.328;-0.073;0.433;36.8239
-1.952;1.129;0.513;28.875
-0.94;-1.545;-0.47;43.6196
1.958;1.32;0.118;22.8189
-1.473;0.118;1.419;45.4112
0.403;-0.751;0.324;43.4519
1.781;-0.646;1.389;47.3273
-1.607;1.849;-0.768;37.4595
1.383;0.522;1.996;43.4944
-1.419;1.15;0.84;31.5382
-0.823;-0.328;-0.223;29.4258
-0.009;1.813;0.719;21.8997
-1.102;-0.287;1.311;31.0433
-0.137;0.138;0.907;9.53078
-1.975;1.401;-0.163;28.9419
0.328;1.517;0.638;53.9365
-0.416;1.549;1.37;59.4639
-1.084;0.84;-1.754;20.7084
-1.41;-0.335;-1.644;54.5153
1.607;1.385;-0.985;40.8403
-1.362;0.388;-0.977;37.1593
-0.007;0.334;-0.123;18.0133
-1.33;0.125;0.032;19.7335
-1.74;1.968;1.474;39.7695
0.327;-0.999;1.171;22.3655
1.732;0.738;-1.976;29.4444
1;-0.962;-1.683;19.1281
-0.487;-0.903;1.024;23.9818
0.555;1.305;-1.202;43.2816
-0.319;-1.213;-1.857;30.6907
0.465;-1.93;-0.056;25.2678
-1.47;1.105;-0.445;44.9101
-0.994;0.68;1.604;36.2281
-0.879;1.85;-0.382;28.5918
1.297;1.153;0.393;38.176
-1.225;1.965;1.376;33.0471
1.396;-1.411;-1.629;59.9012
-0.644;-1.31;1.455;53.7106
0.505;-0.458;0.51;60.354
1.372;-1.359;-1.96;41.1473
-1.253;-1.572;1.006;34.2429
1.097;1.045;1.832;12.9219
1.144;-0.61;-1.734;37.2178
-1.75;-0.895;-1.26;28.1775
-1.783;1.619;1.064;33.004
0.091;1.561;1.516;45.5578
1.502;0.469;0.061;43.0154
1.007;-0.664;0.831;22.4271
0.87;-0.937;0.26;16.2582
-1.329;1.994;-1.227;30.5772
1.487;-0.705;-0.156;39.9203
-0.027;-0.57;0.553;39.2739
1.692;1.696;0.364;49.3299
-0.748;-0.023;0.114;13.2604
0.011;-0.883;1.843;11.2665
0.623;-0.226;-1.799;36.3024
1.214;-1.502;1.999;35.4825
-1.91;-0.476;1.094;28.2088
0.637;1.264;1.954;33.6332
-1.063;1.376;0.786;29.2871
-1.162;0.206;-0.56;33.0228
1.022;-1.689;1.506;39.9931
-1.022;-0.931;-1.819;12.0397
-0.112;1.492;-0.086;26.0337
-0.301;-1.751;0.748;36.9288
0.101;0.451;0.126;24.6797
0.668;1.187;-0.8;30.4765
-0.864;-1.208;-0.344;28.7186
-0.879;1.035;-1.781;16.0746
-1.289;-0.035;-0.035;14.5716
-0.01;0.905;1.418;23.2806
1.197;0.411;0.284;39.0104
-1.461;-1.798;-0.918;34.2391
-0.082;-1.575;0.706;35.9235
-1.542;0.715;-0.544;54.6404
-0.619;1.93;0.643;39.0337
-0.93;0.456;0.487;41.8487
-0.992;-0.473;0.366;37.8709
-0.431;1.526;-1.267;54.1275
1.54;1.53;-1.285;58.0539
-0.609;-0.82;1.358;42.6516
-1.319;1.423;-1.892;42.6129
1.977;0.706;-0.616;35.0796
-1.545;0.454;-0.22;49.9559
-0.193;-0.419;0.996;26.4353
0.477;-0.103;1.151;27.6539
-1.01;1.872;0.046;8.02458
-1.994;0.714;0.952;18.0933
-1.636;-1.196;1.905;32.7028
0.701;1.087;-0.774;25.2574
-1.711;-1.851;-1.424;43.7603
1.132;-0.144;-0.82;14.7848
0.62;-0.638;-0.014;34.5905
-1.833;0.63;-0.896;28.4833
-0.003;-0.794;-0.673;23.0071
-0.759;1.275;-0.184;29.2057
0.133;-0.049;-0.289;16.293
0.787;-0.198;1.998;19.138
-0.437;-1.74;-1.658;51.2861
1.05;-0.27;-1.18;20.0528
-0.08;1.238;-0.582;31.0633
1.372;0.633;0.518;56.1309
-0.252;0.874;0.553;33.683
0.519;-0.21;-1.66;45.8693
-1.01;0.509;1.432;42.4346
0.156;1.762;1.55;38.72
-1.497;-0.395;-0.564;59.8172
0.622;-1.465;-0.203;46.6262
1.77;0.793;-0.012;19.868
0.732;-1.746;0.616;42.8031
-0.678;-1.836;-0.186;29.1782
0.318;1.339;-0.695;45.2133
-1.471;-0.446;0.113;44.0563
-1.894;0.078;0.435;26.2743
-0.523;-0.079;0.103;23.415
0.407;-1.633;-1.232;48.2692
1.967;-1.1;-1.681;24.2297
-0.724;-0.457;0.45;51.7097
-1.748;-1.282;-0.537;46.8411
1.28;-0.789;-0.041;22.0404
-1.413;-1.466;1.618;62.4542
-0.812;0.363;-0.421;42.4821
-1.251;-1.645;0.464;50.4235
0.137;-1.312;0.165;23.9564
-1.404;-0.434;1.87;46.1987
0.325;1.77;0.052;27.0568
-1.702;-0.185;1.806;31.7452
-1.181;-1.827;-1.484;38.0321
-1.651;-1.292;-0.457;52.6765
-1.227;-1.064;-0.055;12.5894
-0.807;-0.978;-0.011;8.22177
0.284;-0.862;-1.778;27.8843
0.775;1.43;1.544;52.1337
1.955;1.263;1.377;35.6857
1.561;-1.325;1.586;59.0974
-0.8;-0.701;1.832;29.5005
-0.515;0.381;-0.463;57.6439
-0.82;-1.241;0.131;20.6071
-1.289;-0.266;1.142;30.1891
-1.651;1.904;0.291;36.575
0.325;-0.354;0.325;45.4957
-1.976;0.036;-1.741;17.8703
-0.943;1.767;1.728;27.9438
-1.354;1.891;-0.671;38.9561
-0.251;-0.396;0.708;41.3322
0.971;-1.695;1.457;39.1289
-0.71;-0.093;-0.79;22.7961
0.314;-0.18;0.453;39.5593
1.315;0.028;-1.146;21.0899
-1.799;0.443;1.075;32.0134
-0.513;-1.457;0.311;55.8262
-1.466;0.345;-0.37;54.6441
-1.999;1.137;-0.631;25.9683
0.201;0.288;-0.702;32.9212
-0.072;-0.044;-1.862;8.38928
0.361;-0.311;0.725;42.4791
0.856;-1.943;1.18;16.0985
1.342;0.761;-0.012;27.182
-0.302;1.562;0.041;35.3229
-1.002;0.722;-0.09;14.8411
1.699;-0.496;-0.437;55.697
0.674;-1.419;1.128;40.1321
-1.349;-1.24;-1.149;33.948
-0.257;-0.048;1.308;26.2344
-0.242;-1.404;1.293;44.1035
-0.124;-1.961;1.639;26.1531
0.719;-0.677;-0.417;46.183
1.552;-0.495;1.184;49.4926
-0.816;-1.551;-1.62;48.4474
0.148;1.281;1.433;38.7997
1.475;-0.124;1.75;38.015
1.003;1.758;-0.764;23.3011
-0.793;-0.754;0.148;22.3199
1.053;-1.822;-0.346;26.3991
-1.425;1.511;-0.941;44.7647
-0.957;1.899;-1.381;26.0714
1.827;-1.352;1.6;47.1435
1.25;0.446;0.559;50.8245
-1.696;0.274;1.689;44.3743
-1.733;-0.574;0.187;39.5164
1.46;-1.746;1.472;57.1297
-1.092;-0.867;1.388;26.413
-1.186;0.188;1.269;26.5317
-0.161;0.012;1.013;5.80887
-1.193;-1.108;1.358;29.482
-1.357;0.886;-0.025;21.4356
0.09;0.734;0.966;14.2677
-0.189;1.25;-0.364;34.557
1.182;1.292;-1.646;40.3197
-1.06;1.948;0.92;8.23289
-0.484;1.366;1.545;60.6998
1.211;-0.654;-1.93;29.8176
-1.153;1.69;0.596;40.733
-1.87;0.392;1.155;30.3029
1.387;-0.134;-1.047;24.3943
-0.069;-1.227;-0.056;11.6111
-0.289;0.632;1.25;41.2248
-0.2;-1.08;-2;13.3532
0.478;-0.679;0.07;35.8653
0.337;1.936;0.069;20.7874
0.255;-1.358;-0.319;42.8028
-1.522;0.585;0.425;60.2614
-1.534;0.217;1.284;43.883
-1.377;-1.912;-0.465;44.1767
-1.721;-1.726;1.689;45.8475
0.625;0.064;-1.542;40.2951
-0.821;1.293;0.855;25.3023
0.478;-0.502;-0.817;46.9653
-1.454;-0.697;1.211;44.4945
-1.287;1.47;1.572;57.4093
-0.704;-1.963;-0.628;34.7991
0.112;-1.157;-1.046;9.7192
0.634;-1.151;-1.835;30.8368
0.462;-1.004;-0.35;36.9413
-1.375;-1.413;1.179;46.5765
-1.82;0.765;1.797;29.0176
-1.787;0.144;-0.711;27.6631
-1.558;-1.82;1.185;38.258
0.156;-0.725;-0.373;33.6663
-0.208;0.195;-0.069;15.0154
-1.713;1.711;-1.046;32.1007
1.013;-1.013;-1.543;24.1371
0.272;1.171;-1.402;38.1897
-0.502;0.822;-1.06;28.3816
-0.232;-0.085;-0.567;29.7735
-0.963;1.419;0.081;23.2165
-1.728;1.212;-1.601;44.0841
-0.889;-1.528;-1.144;30.436
-1.903;0.649;0.35;37.772
-0.043;0.412;-1.549;40.9735
1.596;0.199;0.736;39.0925
-0.936;-1.832;-1.043;11.5533
-0.286;-0.745;1.129;27.5771
-1.392;-0.844;-0.245;34.6118
0.012;-1.652;-0.457;38.3795
0.546;-1.914;1.118;28.8463
-1.665;1.393;0.298;50.6862
0.19;1.622;1.926;30.9599
-1.858;-0.433;0.323;41.0216
1.438;-0.359;-0.331;52.7553
-1.46;1.784;-1.297;47.4726
-1.082;-1.191;-1.687;26.9664
1.392;1.316;-0.901;38.1681
-0.399;-1.842;-1.078;28.4805
0.301;0.302;-1.186;34.034
-0.667;-1.574;-0.112;39.2308
-1.951;-1.371;-1.889;28.9508
-0.244;1.507;1.076;34.2204
-1.262;1.141;-0.093;18.99
-1.914;0.356;1.416;42.0378
-0.139;1.874;0.579;29.2106
-0.793;-1.148;0.128;16.3785
1.347;1.897;1.66;41.2733
-0.669;-0.387;-0.497;53.2987
-1.241;-0.823;-1.896;22.8796
0.954;-1.419;1.872;28.6389
-1.016;-0.037;1.602;21.9352
1.851;1.94;-1.749;25.0853
1.459;0.006;-0.932;23.5734
0.988;-0.575;1.494;42.4702
-1.925;-1.489;1.113;30.644
1.524;0.329;-1.88;43.3244
-1.661;1.276;0.196;38.0288
0.928;0.898;-1.967;8.74115
0.657;-0.583;1.915;40.0185
-0.46;-0.355;0.055;36.7467
-1.671;-1.036;-1.591;39.8234
0.012;-0.784;-0.6;26.9733
-1.371;0.18;-1.247;35.9119
1.371;0.859;-1.085;25.7528
-0.994;1.35;-1.936;23.2413
-1.444;1.167;0.133;31.1633
-1.785;-0.861;-1.261;27.6043
0.451;-1.945;1.045;25.5965
1.611;1.175;-1.443;48.5487
-0.681;0.499;-1.645;53.7485
-1.915;-1.684;-1.582;43.1293
-0.134;-1.339;1.259;32.6061
0.181;-1.933;-0.774;19.5383
-1.712;-1.737;-1.413;49.6684
-1.48;-0.11;-1.149;29.8102
-1.217;0.524;1.141;34.5597
1.597;-0.534;-0.412;59.4875
-0.671;1.822;-0.388;41.9361
1.393;1.49;1.502;64.2199
0.604;-1.428;1.329;55.8666
0.503;-0.624;-0.105;39.8654
-1.949;0.104;-1.91;11.5834
-1.211;-1.855;-0.329;31.2231
1.284;-1.604;-0.152;38.5288
-1.477;-1.136;0.154;31.153
1.489;1.976;-1.367;44.7868
-1.034;1.764;0.716;26.1624
-0.914;1.8;0.2;19.3598
0.17;-0.336;-1.236;31.1178
-1.666;-1.755;-1.878;36.9015
0.419;-0.913;-0.497;41.4442
-1.008;0.859;1.635;24.7272
1.218;-1.525;1.072;33.8441
0.788;0.447;1.124;32.0544
1.81;-1.502;-1.354;49.7627
1.663;-1.207;-0.887;29.9547
-1.947;0.843;1.91;14.7392
-1.553;0.036;1.271;35.0496
-0.708;1.25;-0.512;44.9059
1.383;1.727;1.249;45.2499
1.318;-1.914;-1.556;42.7775
1.146;1.731;-1.762;31.7727
0.537;1.044;-1.974;25.5188
0.582;0.718;0.526;51.6967
-0.075;-0.165;0.452;25.7853
-1.592;-0.593;-0.525;59.7547
1.165;0.768;0.338;31.0941
0.302;0.725;-0.416;44.2029
0.108;0.397;-1.497;42.6018
-0.043;0.904;-1.816;12.2153
1.459;1.508;-1.366;62.5862
1.882;1.454;-1.96;32.0219
-0.997;-1.216;-0.966;11.5148
-0.449;1.062;1.762;33.921
0.328;1.909;0.641;36.786
-0.463;-0.613;-0.351;53.9565
-1.84;1.81;1.391;37.3021
1.983;0.742;-0.999;16.0405
-1.446;-1.602;1.454;63.8022
1.561;0.497;-0.053;42.5086
-1.174;-1.573;0.142;31.9665
0.909;1.145;-0.082;8.90368
-1.583;-1.71;1.79;47.3048
1.246;0.069;0.33;27.1576
1.599;1.16;-1.499;48.9179
0.243;-0.053;0.524;30.3326
0.222;1.588;1.919;34.2807
-0.028;0.054;-0.497;20.9734
-1.237;0.341;0.621;43.8739
1.712;1.328;0.419;50.6747
-1.661;0.363;-0.147;38.7065
1.577;-1.957;0.389;43.3481
-0.997;-1.143;1.534;28.2002
1.329;0.917;0.577;37.884
-1.629;1.086;-0.356;38.4542
1.407;-1.075;0.207;29.9398
-1.382;-1.801;0.341;44.9063
1.195;-0.027;0.754;18.5021
1.898;1.75;-0.217;26.6377
-1.335;-0.073;-1.12;21.8763
-1.509;0.114;-1.82;33.7862
-0.74;1.402;0.506;51.5534
-0.033;1.716;-0.137;18.7804
-0.844;0.86;0.571;28.8563
-1.208;-0.559;1.978;32.4919
1.123;0.711;-1.072;19.1884
-1.943;-1.231;1.783;25.8546
-1.096;-0.023;0.269;14.334
0.65;1.508;0.596;57.1523
-1.634;-1.694;1.886;41.6606
-0.45;-0.843;1.207;33.6951
1.583;-1.828;-1.016;30.8939
-0.455;1.493;-0.732;53.6937
-1.277;1.655;-1.706;47.3189
0.915;-0.582;0.479;41.4129
-1.163;-0.524;-1.886;32.33
-1.722;-0.829;-1.793;31.1862
1.344;-1.846;0.855;29.7121
-0.863;-1.79;1.174;21.7261
-0.159;-0.485;0.205;32.057
0.422;-1.605;-1.651;58.0313
-0.137;-1.524;-0.447;45.36
1.396;-1.514;-1.294;56.5462
-0.541;-0.623;-1.16;43.4975
1.505;1.24;-0.084;34.5376
0.181;0.161;-1.29;24.7037
1.529;1.025;0.866;27.4359
1.375;1.69;-0.506;55.748
-0.133;-0.323;-0.091;19.4416
1.714;-0.655;-1.614;51.3779
-1.049;0.877;-1.894;10.9047
-1.079;-1.975;-1.618;26.3879
-1.502;1.009;-1.678;40.4761
1.774;-0.339;1.963;31.1872
0.27;-0.899;-1.186;21.5742
1.058;0.238;0.691;25.1797
-0.392;-0.357;-1.425;55.2343
0.426;-1.341;0.269;47.5927
0.671;1.834;1.106;26.9003
-0.366;-0.611;1.381;54.072
0.162;0.798;0.129;15.5664
-0.635;1.989;1.136;25.721
0.06;-1.534;1.28;36.3439
0.423;0.353;-1;36.1851
0.305;-1.258;-0.764;35.2706
-0.168;1.718;-0.005;20.0545
0.417;0.926;-1.526;42.9592
-1.907;-0.096;-0.285;19.3324
-1.583;0.372;-1.448;59.8192
-0.876;0.246;-1.603;34.0088
1.522;1.571;1.362;62.0361
-0.242;-0.336;-1.828;33.448
0.752;1.815;-1.523;41.9779
-0.069;-1.969;-0.406;23.4668
-1.882;-0.932;1.192;15.7911
0.172;0.57;-0.269;35.959
-1.68;0.396;-1.778;46.588
0.381;1.536;0.691;53.6825
-1.42;-0.106;-1.901;28.4147
-1.539;-0.34;0.876;41.1957
-1.52;-0.953;-0.437;42.9903
1.012;-0.279;0.201;19.9525
1.404;1.02;1.731;35.5131
0.679;0.613;-0.575;51.9757
0.695;1.346;1.643;50.2821
-1.438;1.688;-0.268;49.1661
0.184;-1.676;-0.234;32.3487
0.092;-1.189;-1.768;21.3046
-1.31;-0.522;-0.559;55.2076
-1.206;1.171;1.871;21.9433
0.484;-0.485;-1.112;43.9867
0.535;1.777;0.8;39.0646
-0.785;-1.608;-1.875;35.2496
-0.692;1.382;0.551;53.1226
-0.118;-0.036;1.024;4.05688
-1.544;1.879;0.05;28.7803
-0.95;-0.617;-1.466;41.1119
-0.027;-0.37;-1.292;31.4043
0.275;-0.361;0.184;34.1976
1.598;-1.823;-1.69;46.1501
-1.705;-1.805;-1.562;47.2582
-0.249;0.902;-0.01;12.6692
-1.494;0.56;1.324;58.0731
-0.221;1.996;-1.58;33.4834
0.512;-0.8;-1.754;40.6088
-0.139;-0.335;1.332;35.5009
-0.526;-1.451;0.422;60.7797
-1.348;-0.147;-1.363;39.9613
-1.471;-0.645;-1.605;59.021
0.674;1.385;0.37;51.4518
-0.213;-1.292;0.712;34.8911
-1.488;0.636;-1.095;42.0843
1.074;-1.588;-1.824;32.0899
-0.95;0.263;-0.559;31.9102
-1.888;-0.58;1.051;26.6532
1.497;1.441;-0.974;44.7182
1.076;0.797;-0.763;19.7675
-1.711;0.531;0.012;35.4749
1.685;-1.196;1.815;34.2357
0.474;1.885;0.929;27.9854
-0.45;-0.71;1.048;34.2537
-0.453;1.326;1.999;40.1226
-1.65;0.121;1.843;29.2487
-1.792;0.219;-0.904;21.2972
-1.015;0.875;-0.43;24.0023
-1.876;-1.955;-0.741;21.7374
1.281;-0.259;-1.553;46.0712
-0.228;-1.097;1.487;33.8558
-0.005;-0.658;-1.116;19.6879
1.634;-0.424;-0.776;47.367
-0.384;-0.324;-1.249;43.6928
0.96;-0.721;0.291;26.2001
-0.688;1.784;0.546;45.217
-0.848;-1.997;-0.805;16.1938
-1.855;0.352;-0.517;43.6252
0.44;1.321;-1.204;44.1504
0.431;-0.595;-1.104;41.1643
-1.188;0.939;0.664;24.8061
-0.559;0.504;-0.22;48.0586
-0.373;0.388;-1.185;42.3285
1.099;-1.442;-1.076;26.7799
0.635;-0.748;1.385;47.1208
-1.352;1.396;-0.648;54.0946
1.554;1.122;-0.732;37.565
0.696;1.828;-1.22;32.0617
-1.46;1.41;0.449;61.9414
0.013;1.381;-0.039;19.5735
-0.968;-0.81;0.953;9.45442
-0.784;0.442;-1.095;30.9615
-0.014;1.975;-1.974;8.09242
-1.86;-0.365;0.249;33.8309
-0.012;-1.462;-1.722;36.5978
0.133;1.984;-1.669;24.9556
-0.01;-1.14;1.254;16.769
-1.098;0.959;-0.277;16.0569
-0.797;1.492;1.282;43.5789
0.233;-1.459;1.99;34.7667
0.573;-0.19;0.644;42.2429
1.913;0.634;0.678;37.0097
-1.206;0.889;0.263;22.7354
-0.676;1.108;-1.836;26.6104
-1.018;0.555;-0.255;31.1962
-0.351;-1.242;1.594;47.9387
0.811;-0.415;0.497;45.943
-0.779;-0.613;1.636;45.9965
