0.91;-1.618;0.791;30.4558
0.944;-0.39;-0.568;38.7847
-1.171;-0.83;-1.171;19.0891
-0.486;-1.674;-0.818;44.121
0.848;0.891;-0.136;11.4449
1.972;0.566;0.093;25.1838
-1.775;-1.396;1.255;43.3641
-1.538;-0.744;-1.666;50.824
0.989;-1.382;-0.155;24.6902
-1.999;-1.041;1.187;12.963
-1.612;0.743;1.804;41.1409
-1.677;-0.826;0.135;26.7315
-1.878;-1.215;0.393;33.5969
0.762;-1.504;-1.485;54.2471
-0.199;1.593;1.36;45.992
-1.901;-1.946;0.103;11.8765
-1.015;-1.723;0.984;16.7504
-1.092;0.332;1.944;22.2465
-1.04;-1.919;-1.075;8.59126
-1.702;-0.271;0.451;46.9895
-1.347;0.657;-0.097;35.2967
-1.886;-1.146;-0.6;29.6987
0.903;-1.879;-0.394;26.9181
0.838;-0.545;0.291;37.9828
1.983;-1.306;0.271;30.5304
0.363;0.318;-0.286;43.2195
-1.744;-0.092;-1.829;23.6345
-1.072;-1.356;-1.493;42.3918
1.36;1.746;0.551;51.3182
1.93;0.206;0.841;17.2856
-0.268;-0.177;1.884;22.8942
-0.95;0.203;-1.06;10.3486
1.506;-0.236;-1.215;40.7329
-1.025;-0.891;-0.736;15.6428
1.656;-1.435;1.523;61.7631
1.402;1.409;0.043;40.8883
1.953;-1.841;1.535;34.3406
-0.843;1.171;-0.441;31.3182
1.326;0.93;-0.515;38.3915
-0.907;0.708;1.568;37.1512
1.351;0.877;-1.546;43.3389
-1.028;1.366;-0.81;26.7121
-0.994;-1.443;-0.055;23.0371
1.056;-1.444;0.914;25.4604
-0.896;-1.321;0.411;37.5682
1.992;1.924;0.248;18.7369
-1.258;-0.832;-1.309;33.1862
0.195;1.498;-1.247;40.2604
0.539;1.938;1.613;44.6822
1.386;-1.799;-0.311;43.5059
-0.113;0.586;1.154;27.0068
0.527;-1.344;1.812;46.9948
-1.839;1.308;0.578;42.5088
1.133;1.09;-1.293;21.6625
-1.887;0.904;-1.584;29.7073
-1.966;-0.784;0.276;24.2896
-0.806;-0.601;-1.738;39.3914
-0.044;1.002;-1.243;12.4918
1.065;-1.105;1.561;26.9873
-0.84;-0.519;-1.399;45.5558
-1.107;-1.194;-0.143;15.1733
1.106;0.837;1.238;19.6421
0.793;-0.834;-0.777;22.5345
-1.723;0.191;-0.332;36.1083
0.599;0.406;1.047;38.4856
1.131;-0.549;-0.775;33.3471
-1.888;1.49;-1.924;32.9609
-0.72;-1.879;1.838;26.8028
-1.216;-1.346;-1.835;35.1198
1.385;-0.97;-0.959;21.787
-1.861;0.681;-0.703;35.11
-1.342;-1.84;-0.385;42.9416
1.433;-1.589;-1.751;55.1853
-0.927;-0.146;0.376;23.0917
0.732;-1.701;-1.138;32.4126
-0.368;0.646;-1.311;48.8437
-0.727;0.79;-1.55;42.0189
1.768;0.819;1.339;35.5652
-0.296;1.462;1.515;57.0424
-1.13;1.573;1.622;45.7061
1.241;-0.809;-0.582;37.0472
0.016;-0.963;-1.896;6.90204
-0.041;1.433;-1.595;42.3269
-0.459;1.337;-1.977;40.8792
0.479;-1.474;0.865;46.3172
-1.848;-0.688;-1.11;25.4375
0.823;-1.804;0.068;17.0795
1.134;-1.873;-1.153;16.7574
-1.592;-0.721;-1.749;46.3635
1.459;-0.973;-0.204;30.0804
1.377;-0.93;-1.076;23.1485
-1.761;0.382;-0.088;31.4294
-1.912;0.638;0.651;38.2741
0.712;-1.741;-1.923;31.3138
1.295;0.023;1.105;17.8912
0.286;0.566;1.029;33.0217
-0.187;0.172;-1.743;24.9794
-0.054;-0.398;1.612;38.9701
0.349;0.064;0.097;18.5604
1.364;0.232;-0.625;44.8133
1.346;0.161;-0.559;41.8384
-1.207;1.845;0.612;34.57
0.72;1.656;1.547;52.6636
-0.068;-1.514;-0.332;38.1946
-0.535;-1.974;-1.706;39.7152
-1.543;1.934;-1.375;45.5677
1.124;0.024;0.501;24.5129
0.797;-1.284;0.685;35.9343
1.533;-1.323;1.638;57.4674
0.05;1.574;-0.652;38.1087
0.281;-0.495;-0.994;33.2497
-1.596;-0.29;-1.313;48.9333
1.278;-1.78;0.119;27.3597
-1.784;-1.137;1.532;37.9826
0.255;-1.115;1.232;24.5105
1.189;1.427;-1.003;29.6847
0.444;0.687;-0.398;52.0864
1.067;-0.984;1.573;24.4711
-0.799;-0.092;-1.365;27.7176
-0.268;-1.711;0.572;45.8751
-1.663;-1.228;1.957;32.2864
-0.638;-1.263;1.606;49.7308
1.903;0.712;0.461;38.2076
0.767;0.891;-1.921;17.4681
1.369;-1.149;1.294;38.4693
-0.221;1.04;0.854;14.2826
0.72;-1.773;-1.692;40.5226
0.719;-0.088;-0.315;28.021
0.197;1.102;1.638;29.1223
0.023;0.804;-1.489;29.6162
1.447;1.928;1.08;28.6709
-1.793;1.748;-0.632;40.8797
-0.383;0.718;-0.179;35.7942
1.965;0.139;-0.25;17.7614
-1.724;-0.121;1.524;39.5758
1.787;1.484;-0.169;38.1973
0.337;0.1;-0.108;19.4586
1.948;0.782;-0.855;17.5401
0.974;0.237;-0.842;15.5671
1.469;0.118;-1.81;34.2025
-1.71;0.462;1.263;47.7518
-1.219;1.236;1.243;31.305
-1.393;-0.532;1.847;47.533
0.101;-0.962;-1.932;7.79781
0.255;1.385;-1.253;41.557
1.767;0.135;1.036;16.7893
0.32;-1.113;-1.925;22.8109
-0.968;-0.409;-1.29;33.8662
0.706;0.263;-0.211;31.7316
-0.083;1.281;0.093;16.5805
-1.578;0.017;-1.54;43.4277
-1.862;-1.263;0.162;24.1821
1.277;0.496;-1.891;39.3928
1.75;1.21;-1.709;37.5081
-0.02;0.55;0.563;39.436
-0.785;-1.369;0.807;34.2544
-0.871;-0.226;-1.229;22.6111
0.86;1.173;-1.223;20.8972
-0.142;-0.79;-0.888;15.0446
-0.69;-1.332;1.516;53.1066
1.614;1.108;0.496;43.8334
-1.208;-1.431;-0.965;31.1455
1.878;0.865;-1.125;14.6535
0.839;0.295;0.591;37.0345
-0.62;0.159;-1.153;27.8932
-1.3;0.781;-0.96;24.6904
-1.743;0.815;-1.677;37.4104
1.048;0.651;-1.505;40.0605
-1.943;-0.048;0.732;16.5278
0.896;-0.153;1.865;14.0271
0.468;0.658;-0.985;36.9291
-0.79;-0.021;0.091;9.8234
-0.542;0.984;-1.691;37.4486
-0.415;1.206;0.168;32.6055
-1.101;1.277;0.683;31.0312
-0.943;0.381;0.94;20.5873
0.598;-1.082;1.344;38.365
0.52;1.117;-0.99;25.0217
-0.142;-1.866;0.189;16.8612
-0.732;-0.658;-0.799;35.1693
-0.12;1.213;0.588;30.7479
0.263;0.307;1.352;42.2916
0.207;-1.134;-0.145;15.8916
0.762;1.894;-0.918;17.6926
0.181;-1.062;-1.717;22.7157
1.545;-0.504;1.906;47.5677
-0.592;-0.24;1.206;36.8804
-0.538;0.54;-1.832;48.4121
0.031;0.293;0.528;33.0694
-1.045;0.697;-1.378;34.3457
1.582;0.467;-1.933;45.818
1.749;0.508;-0.845;38.4605
1.049;-0.49;-0.091;23.3898
0.822;-0.392;0.552;44.0185
1.345;-1.82;1.218;35.9709
1.862;1.271;-1.348;37.5204
0.851;-0.662;-0.704;33.8314
-1.986;-1.931;0.779;17.4316
1.421;-1.08;-1.759;35.7446
1.865;1.643;0.964;26.9765
0.519;0.774;-0.026;29.4288
1.024;1.616;1.271;34.164
-1.748;-0.546;-0.926;34.9836
-0.549;-0.492;0.109;42.3275
-1.084;0.875;1.919;11.1803
-1.928;-0.765;1.139;19.2421
0.381;-0.003;-0.332;32.517
1.856;0.723;1.856;26.7433
1.85;-0.005;0.028;7.70475
-1.311;-1.494;-1.899;43.2364
-0.499;1.003;-0.978;22.3085
-0.797;1.501;1.647;48.7196
-1.913;-0.244;-0.379;32.1896
-0.656;-0.586;-0.801;42.4095
1.125;0.864;-0.132;11.6393
-1.269;1.415;0.012;33.4395
-0.415;-0.47;0.295;51.7004
-0.269;1.682;-0.163;33.0646
0.147;-0.963;0.718;17.7013
0.03;0.56;0.297;32.788
0.708;0.786;-1.058;23.2608
1.511;-1.387;0.413;60.48
0.54;1.863;0.927;28.8228
0.283;1.262;0.914;26.7448
-1.859;1.804;-0.962;18.2655
-0.328;0.137;1.455;40.035
-1.054;-1.143;0.963;7.95597
0.818;-1.379;1.224;35.5453
-1.481;-0.631;1.639;58.4287
-1.86;1.114;1.597;31.5338
-1.391;1.321;1.845;43.5227
-0.121;0.58;1.76;34.3373
1.669;-0.067;1.162;24.6341
-0.654;1.473;0.876;41.7786
-0.4;0.01;1.758;30.8581
-1.432;0.457;1.563;62.6675
0.817;-0.673;-1.066;23.6694
-1.705;-1.805;1.812;35.0531
1.893;-0.477;0.457;45.7289
0.875;-1.256;-1.881;21.8546
0.676;0.128;1.768;30.0179
-0.982;0.037;0.445;20.9054
-0.887;1.085;0.07;6.72958
-0.149;1.903;-0.713;22.3278
-1.354;-1.335;1.905;40.1435
-0.383;0.579;0.123;39.5483
-1.714;0.787;0.284;35.6967
0.965;-1.651;-1.921;24.6218
-1.321;-1.192;-1.655;42.2762
-1.109;-0.175;-0.277;20.7406
0.621;0.453;-0.684;51.9014
-1.618;-0.516;-1.837;48.3852
-1.474;0.955;-1.452;45.0056
1.192;-1.568;0.975;30.4902
-0.076;-1.442;-0.285;34.8097
0.951;0.923;-0.448;23.0459
-0.654;-0.178;1.587;42.8223
1.574;-1.356;-1.306;54.5853
-0.529;1.095;1.784;34.1051
-1.339;-0.4;-1.654;53.7566
-0.393;-0.846;0.206;30.3343
-1.474;1.684;1.84;46.9318
1.205;0.907;0.903;13.7599
1.29;-0.562;0.616;51.5565
-1.126;-1.329;-1.152;26.3214
-0.753;-0.621;0.449;47.7033
-1.45;-1.075;1.844;31.6902
1.576;1.122;-0.162;30.1954
0.511;1.485;1.122;46.4539
0.761;-1.154;1.251;27.1754
1.283;-0.185;0.674;34.8175
-0.952;1.284;-0.518;35.3308
0.394;-1.459;-0.996;40.812
0.924;0.647;-1.262;30.7662
0.413;1.189;-0.515;46.6083
0.566;-0.773;1.426;49.6021
-0.083;0.973;-1.848;10.0658
0.754;-0.175;0.019;15.8795
0.578;1.474;1.927;45.9434
1.407;0.208;1.627;47.3841
0.241;1.948;0.105;15.9261
-0.79;-1.284;-1.772;33.668
1.877;-1.631;-1.664;43.7367
1.55;-1.352;0.333;54.8128
0.359;-1.542;-1.652;56.991
-0.12;0.626;0.074;21.2102
1.773;0.847;-0.808;23.7853
1.283;-1.285;1.814;36.9142
1.776;1.876;0.572;37.2531
0.826;0.05;0.711;19.5099
0.641;-0.457;-0.455;56.3926
-0.555;1.546;1.659;59.8557
0.075;1.855;-1.909;13.6423
-1.701;-0.868;0.186;26.0447
0.369;1.702;-1.777;44.2723
-0.213;1.728;1.719;36.9958
-1.377;-1.133;0.895;26.5318
1.71;-0.739;0.78;35.3823
-1.769;-1.216;-1.541;43.3417
-0.171;1.879;0.686;25.9353
-0.376;-0.181;1.179;30.1641
0.724;-0.931;-0.071;14.9262
1.71;-0.029;-0.552;35.3531
-1.968;0.878;1.681;24.6689
-0.858;0.794;-0.977;13.4189
1.583;-0.921;1.932;27.8632
-1.181;0.571;-1.46;48.3587
0.411;-0.072;-0.265;30.6681
0.228;-1.264;0.77;30.4899
-1.126;-0.168;-1.346;26.8267
-1.029;1.83;0.051;10.2674
-1.741;1.128;-0.551;37.7267
0.166;1.838;1.63;32.6202
1.704;1.419;-0.496;56.7429
-0.571;-1.175;-0.536;46.2207
0.278;0.699;0.208;32.9008
-1.418;-1.722;0.732;47.0925
-0.1;0.483;-0.345;37.836
-0.863;1.554;1.621;45.9454
-0.17;-0.282;-0.341;32.8155
-1.104;1.079;0.785;14.0848
-0.982;0.314;0.968;16.179
0.335;-0.4;0.156;37.9084
-1.828;0.801;1.331;32.7703
1.387;0.423;1.016;39.6214
-1.428;-0.535;-1.739;54.7934
-1.892;0.561;0.582;44.4248
-1.152;0.051;0.003;6.0648
-1.782;-1.886;-0.288;29.6408
-0.216;1.015;-0.313;22.955
1.002;0.315;-0.149;19.1691
1.926;-1.889;1.154;16.3335
1.284;-0.942;-0.039;15.6131
1.12;0.327;-1.044;20.1928
-0.353;1.612;1.41;56.8083
-1.956;-1.009;0.899;7.99485
0.944;0.16;-0.805;13.4318
0.538;-1.027;1.539;43.2738
1.745;1.238;-1.141;29.1147
1.553;-0.225;-1.281;43.9252
0.18;0.266;-1.673;34.2994
-0.686;1.169;1.206;29.6033
1.743;-0.106;0.186;21.7469
-0.488;-1.523;-1.679;59.5586
1.007;1.702;1.985;20.8755
1.916;1.43;-0.201;33.135
1.715;0.308;-1.722;43.4972
1.182;-0.706;0.787;28.7968
-1.692;-1.577;1.789;48.5407
-1.666;-1.588;-0.001;38.8437
-0.858;1.408;-0.302;38.1176
1.704;1.012;1.496;39.0412
1.289;-0.211;1.865;28.5711
0.11;0.132;1.955;9.79015
-1.869;1.579;0.955;29.2891
-1.519;1.326;-0.567;58.0387
0.976;0.066;0.395;19.9756
-1.559;-0.493;1.56;63.7159
0.208;1.636;-0.509;46.9203
-1.021;1.471;1.316;38.8886
-0.842;-0.43;1.787;35.3677
-1.42;-1.19;0.777;37.4297
1.385;-0.235;0.156;32.9891
-1.965;0.82;-0.11;12.8236
0.586;0.954;0.787;28.559
-1.898;-1.26;0.854;22.4523
0.878;-0.035;-0.072;4.82098
-1.982;-1.985;1;8.97682
-0.289;1.013;-0.106;15.7174
-1.835;1.313;-0.209;31.3526
0.928;-0.657;-1.584;38.9635
-1.198;0.616;-1.823;34.9604
-0.428;0.436;1.086;41.1738
1.393;-0.782;-0.974;29.4606
0.952;0.235;1.363;28.8479
-1.818;1.782;1.466;42.2616
-0.638;-1.06;0.778;27.5585
0.83;0.822;-1.918;17.1528
-1.128;-1.477;1.937;30.9384
1.054;0.474;0.367;38.6141
1.384;0.388;-1.465;59.0552
1.638;-0.06;1.096;22.8253
-1.771;-1.103;-1.304;30.0881
-1.263;-0.164;0.948;18.7213
-0.109;-0.529;-1.539;44.4509
-1.569;0.936;0.719;35.6628
0.067;0.544;-1.139;25.6686
-0.884;1.321;-0.202;26.452
-1.454;-0.984;0.573;42.0128
-0.855;-1.262;1.755;29.7138
-1.469;0.216;0.734;41.4378
0.938;-1.252;-1.741;26.9185
1.752;0.572;-1.848;39.9045
1.579;-1.987;-0.087;26.7327
0.362;-1.402;1.863;43.683
0.501;0.78;1.143;34.064
1.362;1.052;-1.629;39.5061
1.806;1.245;0.781;29.7256
-0.269;-0.148;0.339;30.7262
1.756;1.27;0.602;43.9509
0.171;1.139;-0.423;29.1729
-0.326;-0.02;1.48;36.8929
0.104;-0.675;1.845;24.8496
1.909;0.075;1.814;15.7073
-0.292;1.604;-0.528;53.3308
0.112;0.022;-0.663;18.1217
-1.268;-0.676;-1.417;48.3558
0.309;1.5;0.557;55.644
-0.743;-0.408;0.465;49.5089
0.424;-0.67;-0.889;37.453
0.427;-0.843;0.257;34.8487
0.558;0.517;-0.389;57.6812
1.626;0.231;0.914;30.7929
1.324;0.483;-1.956;40.6188
1.381;0.412;-0.915;40.1492
-1.911;0.823;-0.68;26.1451
0.295;0.694;0.837;32.3074
-1.932;0.895;1.028;8.74218
-1.96;-1.53;-0.085;27.7193
-1.467;1.066;-1.071;26.0475
1.767;-1.936;-1.947;20.9421
-1.788;1.759;1.621;43.235
1.486;-0.347;1.296;52.5441
-0.721;0.802;-1.656;38.0768
-1.334;1.4;0.383;54.4301
1.092;0.568;-1.247;33.6074
1.542;0.423;-0.189;47.359
-0.926;0.544;1.993;25.817
1.716;1.614;1.887;41.1894
0.511;-1.799;-1.461;52.2791
-0.154;-0.303;1.482;39.8442
-1.759;0.235;1.998;25.6358
-1.524;-1.04;1.244;34.7755
-0.13;1.429;-0.345;39.9747
0.704;-0.231;-1.871;28.8177
0.498;0.32;-0.138;38.1559
0.933;0.692;1.606;36.2287
-0.314;1.97;-1.995;22.0553
0.996;-0.606;0.348;35.1221
0.19;1.015;-1.982;11.4217
1.836;-0.893;-1.491;33.4071
-1.425;-0.27;-0.097;34.0768
1.606;-0.421;-1.361;57.6874
0.998;1.784;0.784;20.554
0.658;0.727;1.333;44.6243
-0.185;0.578;-1.423;46.097
-1.872;-1.126;-1.925;15.6048
1.641;-0.931;1.435;42.0473
-1.092;0.504;1.497;45.3073
-0.985;-0.319;0.441;34.8324
-0.822;0.853;0.044;11.3845
1.524;-1.08;-0.909;27.0293
-0.183;0.724;0.573;37.3923
0.083;0.753;-1.12;15.6794
0.488;0.13;-0.336;38.6385
1.576;1.48;0.602;61.8548
1.987;0.67;-1.865;26.1131
-1.736;1.316;-1.56;51.3845
-1.003;1.136;-0.503;25.9837
0.915;1.511;0.351;40.5408
-0.279;1.002;1.44;34.2661
-0.446;-0.448;-1.433;60.4809
-1.826;1.221;1.237;29.1315
-0.984;1.624;-1.761;33.182
1.594;-0.154;1.207;33.9857
1.628;-0.683;0.386;51.8314
-1.982;1.242;-0.163;19.8607
0.833;-1.634;0.152;29.2895
0.486;-1.126;-0.235;33.5531
1.548;0.576;1.069;43.226
0.503;-1.42;-0.1;42.9505
1.911;1.407;-1.585;46.6152
-0.942;1.571;-0.776;32.0093
-0.306;0.767;-0.733;34.6656
-0.673;-0.859;0.37;36.499
1.855;-0.822;0.678;28.4473
1.769;0.748;-1.943;27.0333
0.751;-1.192;-1.855;25.6699
-0.692;-1.662;-0.854;36.707
-1.401;-1.402;-0.969;41.3468
-1.206;-0.945;-0.976;11.2752
1.325;0.932;-1.688;34.7102
-0.463;0.87;-1.24;34.7665
0.593;1.789;0.916;31.6668
0.143;1.068;-1.509;28.0932
-1.586;-1.439;-0.109;44.7027
0.107;-1.336;1.366;37.6429
0.431;0.327;-1.79;44.7362
-1.381;-0.825;0.074;26.4475
-0.161;-1.864;-1.322;27.7483
-0.273;-0.456;1.231;41.6672
1.056;1.627;-1.038;22.7177
-1.048;0.294;-1.475;36.4181
1.646;0.363;1.016;36.5215
-1.323;0.512;-0.851;41.2073
-1.813;-0.461;-1.95;33.6369
-0.85;-0.501;1.089;27.8046
1.418;0.034;-0.461;40.8548
-1.436;-1.703;-1.808;46.7797
-1.414;-0.993;0.885;24.8525
0.951;0.816;0.696;21.824
1.113;1.239;-1.559;36.2509
1.023;1.547;-0.785;31.5459
-1.415;-0.084;1.839;30.0543
1.539;-0.287;-0.536;54.4886
-0.678;-0.544;1.033;36.0283
1.903;1.642;1.091;27.1758
-1.521;1.685;-0.012;39.0658
0.054;-1.345;1.351;35.7566
0.989;-1.283;1.763;26.999
1.075;-1.075;0.977;5.54989
0.892;1.13;-1.407;27.7629
0.138;1.906;-1.916;13.9072
1.12;-1.438;-0.984;26.3021
-1.435;-0.623;1.463;60.6556
-0.652;-0.417;-1.365;53.5218
0.625;0.654;0.632;50.7149
0.076;1.606;-1.114;25.265
1.613;-1.362;-1.638;57.6646
-0.069;1.048;0.631;19.6773
-1.877;-0.887;-1.522;31.788
-0.144;1.644;-1.341;39.933
-0.341;0.44;0.751;45.52
-0.83;-0.622;1.402;43.5903
-0.279;-1.636;1.104;34.4112
1.02;0.817;-0.392;25.6385
0.929;-1.511;1.801;34.1947
-0.959;0.245;-0.622;28.5856
1.12;0.569;-1.708;38.889
1.312;-0.522;1.232;46.0855
-1.441;1.165;-1.694;43.9801
-1.163;-0.423;-1.212;34.2896
-0.655;-1.492;-1.466;60.1851
0.71;0.176;1.441;39.9353
0.402;0.095;-1.46;41.8806
-1.188;-0.523;0.824;33.978
1.015;0.438;-0.906;23.0321
1.07;0.014;1.291;16.3499
1.646;0.098;-0.904;23.2167
0.399;1.295;-1.293;47.0201
1.81;0.294;0.868;26.4109
1.833;-1.335;-1.841;33.2288
0.891;0.819;-0.248;19.4546
-0.224;-0.992;1.523;31.6358
1.939;-1.512;-1.653;45.1997
0.12;-0.782;-1.583;32.5157
-0.291;1.517;-1.326;51.2308
-0.427;1.831;-0.688;41.8999
1.416;0.371;-0.02;37.7523
1.926;-1.8;-0.495;35.161
1.896;1.965;0.117;12.3532
-0.508;0.272;-0.526;51.8409
1.642;-1.442;1.404;60.6023
-1.277;0.728;0.135;28.6321
-0.349;1.832;1.377;43.4331
1.103;-1.435;0.078;25.6586
-0.924;-0.893;-1.937;9.47119
-1.181;-1.014;-0.994;9.25591
0.283;-0.631;0.513;49.5662
1.73;1.238;0.613;42.985
-1.402;1.575;0.294;54.3356
-1.321;-1.719;-1.389;50.5443
0.843;1.295;-0.661;35.4032
-0.694;-0.508;-1.506;56.4344
-1.813;0.2;1.11;19.9079
1.419;0.257;-1.203;39.7888
-1.431;-1.913;-1.909;31.4742
-0.711;-0.044;0.355;29.5683
0.807;-1.48;-1.638;48.4111
0.608;0.927;1.151;25.5451
-0.044;0.743;-1.269;24.1747
1.016;1.617;-1.574;42.5307
-1.164;-1.158;-0.037;12.3579
1.802;-1.099;-0.067;13.9962
-0.004;-0.661;-1.305;30.8356
1.228;-0.191;-0.795;24.3859
-1.379;1.947;-1.666;41.3001
1.645;1.517;-1.829;49.6623
-0.494;1.811;-1.968;33.8515
-1.844;1.069;1.308;25.1745
-0.597;0.595;-1.553;59.0432
0.499;1.007;-0.435;40.6393
-0.846;-1.54;-1.634;46.4305
-1.982;1.098;1.098;10.0766
0.208;0.988;0.684;22.9363
1.682;-1.291;1.114;34.8857
1.485;0.638;-1.221;48.7172
1.345;-0.468;-1.466;59.3693
0.338;-0.558;-0.781;43.6951
-0.292;0.526;0.514;53.0627
1.402;-0.729;-1.427;52.9788
1.894;-1.363;-1.101;27.2596
-0.198;-1.555;-0.112;31.0447
-1.977;0.113;-1.39;26.0791
-1.281;0.887;-0.892;19.7906
1.586;-1.286;-1.605;55.4647
0.733;-0.837;1.185;24.5385
1.535;0.709;0.646;51.6624
1.692;-0.548;-1.948;40.5997
1.894;0.607;-1.369;42.5904
-0.342;-1.855;-0.244;32.5755
-0.024;1.421;1.055;22.6307
1.465;-0.978;0.532;43.0388
-0.096;0.499;0.802;29.4565
0.436;-0.269;-1.085;33.2256
-1.831;-1.512;0.325;45.3833
1.712;0.333;0.231;39.2511
-1.45;-0.731;1.006;34.3575
0.961;-1.006;1.109;5.72625
1.845;-0.887;1.726;25.4677
-0.74;-0.934;-1.239;23.74
-0.302;1.448;-1.881;41.0739
-1.485;1.958;1.176;33.2399
-1.684;-0.188;-0.016;23.1532
1.828;0.468;0.046;29.069
-0.563;-1.987;0.312;37.4203
1.206;0.061;-1.771;21.275
-1.198;1.178;0.628;32.5732
-0.126;-1.931;-0.713;20.4556
-0.21;-0.065;-1.925;13.1794
-1.973;0.547;-1.452;45.5596
-1.505;0.982;1.308;38.5633
1.496;1.612;-0.922;44.485
-0.571;0.564;-1.707;54.4507
1.299;-0.253;1.641;43.9888
-1.625;1.544;-1.113;45.3711
-0.811;-0.484;1.316;42.8628
-1.021;1.746;1.553;36.2916
0.512;0.157;1.215;34.0367
-1.733;-0.591;0.226;41.3769
-0.445;-0.747;-0.816;36.9901
0.605;0.687;-0.931;34.3873
-1.64;0.904;-0.925;23.5913
-1.185;1.455;-1.375;48.1144
0.5;1.298;-0.919;37.0172
0.513;-0.595;1.858;46.0299
-0.118;1.418;-1.837;31.5277
1.581;1.451;1.983;46.8567
1.901;1.555;-1.249;38.8109
-0.232;-1.948;-0.025;13.3727
0.085;-0.715;0.744;25.0229
0.939;0.096;1.555;25.208
-1.869;-1.765;-0.49;39.0881
-0.099;0.594;-0.696;34.3543
-0.426;-0.347;-1.6;55.6148
0.809;-0.946;0.627;25.8715
-1.259;-1.299;-0.868;30.8681
-1.763;-0.8;0.372;36.917
1.907;0.536;-1.199;33.6162
0.99;0;-1.267;13.6712
-1.542;1.475;0.813;50.8892
0.208;-1.258;-0.859;23.932
0.165;-1.843;-0.278;24.6445
1.507;0.249;-1.724;46.8591
-1.685;-1.36;-1.981;39.0301
-0.745;0.993;0.835;17.4717
1.546;0.225;0.203;37.5925
1.904;-0.283;1.961;21.6729
-0.125;1.815;-1.981;16.2628
-1.642;-0.829;0.027;25.0422
-0.982;-0.73;-0.184;18.8192
-1.194;0.287;1.722;35.081
0.949;-0.149;-1.626;25.1736
1.652;1.307;1.532;55.864
1.129;0.26;-0.264;26.0272
-0.707;1.726;-1.185;35.0829
-1.218;-1.784;1.156;26.3166
-0.302;-1.194;0.915;23.5097
0.719;-1.387;-0.156;36.4154
-0.257;1.093;0.963;14.556
1.741;-1.486;-0.313;49.7196
-1.304;-1.482;-0.856;41.7152
1.012;-1.348;-0.306;32.1855
1.509;-0.406;0.848;45.6753
-0.721;-0.978;1.742;26.9208
-0.89;-0.255;-0.744;24.3965
0.75;1.126;0.352;30.9068
1.697;1.222;1.23;36.1513
0.959;-0.066;0.8;9.65144
-1.142;1.004;1.749;19.1603
-0.065;1.349;0.63;35.7158
1.516;1.469;0.51;64.457
-0.66;0.961;-0.845;22.1093
-0.226;0.232;-0.997;18.4699
1.818;-0.504;0.109;31.6791
-1.247;-0.656;1.874;33.851
0.461;-0.566;0.733;50.99
1.62;0.365;1.78;47.955
-1.418;-1.505;-1.236;53.6218
-1.927;-0.255;-0.464;35.0866
1.634;-1.441;0.09;42.2921
-0.924;-1.882;-1.457;29.8993
-1.514;0.078;0.531;43.5296
1.097;-0.538;1.191;30.8054
1.516;1.205;1.854;38.2679
1.989;-1.187;-0.131;14.7508
-0.234;-0.913;1.86;18.4273
-1.287;1.969;0.368;34.9151
-1.041;-0.661;-1.187;24.7088
0.49;1.255;1.196;40.2117
-1.542;-0.178;-0.978;28.744
1.735;1.374;1.961;37.0099
-1.05;1.861;0.44;28.1241
-0.288;-0.814;1.224;29.0686
0.339;-0.737;-1.343;44.0992
1.436;1.47;-1.874;49.7336
-0.281;1.578;0.042;33.6754
0.614;0.686;1.199;40.5916
1.107;-1.149;-1.81;18.388
0.844;0.226;-1.83;22.2238
-1.608;-1.92;-0.27;36.6199
-1.396;-0.999;-1.101;24.046
-1.966;-1.157;0.797;17.6395
-0.588;-1.077;0.061;21.8926
-1.518;-0.922;-0.765;33.9118
1.839;0.463;-1.77;39.9017
-0.287;1.58;-0.3;46.8259
1.456;1.938;-1.73;40.4915
-0.461;-0.558;1.45;61.1815
0.724;0.048;0.833;18.3162
1.871;-1.419;1.062;29.2328
0.251;-1.293;-1.357;42.536
-1.75;-0.723;-0.64;42.0574
-1.181;1.491;0.358;45.8061
-1.351;0.717;-0.166;35.3178
1.995;-0.898;0.863;11.0021
-0.098;-0.66;-1.712;32.936
-0.569;1.707;-0.393;52.9598
-0.042;-0.8;-1.284;21.6665
-1.556;-0.416;0.748;51.3059
-1.089;-1.327;0.298;32.1808
0.259;1.849;-1.082;20.6931
-1.117;-1.429;0.457;44.7397
0.156;-1.394;-1.687;40.9635
0.561;-0.927;-0.088;22.9799
1.143;0.274;-1.089;19.365
1.324;1.462;0.407;56.597
1.735;0.788;0.166;27.1986
-0.299;0.039;-0.352;29.523
-1.196;1.745;-1.276;34.7159
1.051;-0.91;1.698;20.0911
0.868;1.564;1.997;29.6383
0.729;0.81;0.875;22.5165
0.731;-0.609;1.959;34.0089
-0.699;0.468;-1.538;55.7378
-0.849;-1.566;-0.252;36.6878
-0.158;-1.173;-1.676;28.5782
1.629;0.801;1.293;41.3774
1.619;1.681;-1.512;59.2381
1.289;1.751;1.504;49.3495
1.24;-1.823;1.445;41.3023
-1.905;-1.662;-1.087;26.011
-1.075;1.147;0.911;9.88501
-1.203;-0.045;1.804;18.8622
-1.869;0.408;0.941;26.8001
-1.779;-0.958;-0.905;15.1649
-0.019;1.275;0.659;29.107
-0.427;0.032;-1.924;24.1716
-1.628;1.416;-1.387;59.7386
1.745;-0.578;0.259;43.1484
-0.254;0.751;-1.413;41.3563
-1.779;-0.22;-0.789;27.7239
-0.858;1.746;1.445;39.2559
-0.684;0.226;-0.263;33.9308
-1.789;1.414;0.301;44.5897
0.054;-0.242;1.531;32.284
-1.851;-1.535;-1.486;51.7826
-1.819;1.388;-1.882;34.8257
-1.194;-0.23;1.033;18.0601
1.95;-0.348;-0.466;40.1786
0.399;-0.545;-1.846;45.8473
-1.753;1.793;-0.049;23.903
1.888;-1.171;-0.106;14.6973
0.062;0.62;-0.863;22.6536
-0.262;-0.299;0.386;41.6332
-1.712;-1.163;-0.183;27.3973
-1.744;0.615;-0.976;32.3638
-1.803;-1.96;0.489;34.3529
-1.227;1.191;-1.185;25.2939
-0.993;1.462;-0.807;29.9954
0.806;-1.137;-0.142;15.7209
-0.093;-0.073;-0.975;3.78052
0.563;-0.017;0.259;30.2332
1.982;-0.774;-1.075;15.3346
1.449;0.265;-0.097;34.4118
-0.024;-0.423;-1.902;24.5995
-1.548;1.913;-1.862;34.0582
1.017;1.066;1.211;12.1158
1.225;-1.296;1.335;41.3387
-1.345;-0.573;0.34;52.1985
0.662;1.888;0.965;22.8022
-1.507;-0.914;-1.447;46.0659
-0.943;1.3;1.528;38.4843
-0.459;-1.037;1.573;42.6658
1.851;0.999;-0.795;16.3379
-0.619;-1.894;-1.7;39.4202
1.233;-1.611;1.937;35.2397
-1.074;-0.619;-1.768;31.928
-1.86;0.411;-0.917;27.9012
-1.567;-1.863;0.437;47.9525
-1.719;-0.191;1.166;27.6275
1.531;0.903;-0.48;44.9223
-1.618;-0.377;0.735;48.7759
0.921;1.784;1.673;30.5681
0.73;-0.853;1.952;20.7462
-0.523;1.128;-1.812;33.9907
-1.037;1.624;0.688;35.3683
-1.887;1.397;-0.495;46.1468
-1.303;-1.684;-0.499;52.0804
0.381;0.519;-1.306;52.828
0.323;-1.165;0.219;28.9112
0.013;0.136;0.53;23.5899
1.748;1.983;0.119;19.8521
0.183;1.195;-1.849;21.5795
0.283;-1.965;-0.13;19.4122
-0.041;-1.134;-0.547;24.8238
-0.806;-0.585;1.712;41.4488
-1.884;1.63;0.861;29.9112
1.479;-1.336;-1.698;55.1224
1.118;1.637;0.457;42.919
-0.443;-0.092;1.118;25.0697
1.44;1.119;0.577;44.4762
-0.341;0.045;-0.714;28.6791
1.026;-0.781;-1.104;13.1392
0.635;1.351;-0.022;34.866
1.34;0.584;-0.398;54.3082
-1.832;1.32;-0.349;40.3779
-1.954;-1.477;0.392;44.2485
-1.595;-0.366;-0.625;55.0706
-1.284;0.379;1.206;39.8838
0.428;-1.113;1.037;24.1768
-0.859;-0.015;-1.789;15.2313
0.83;1.38;-1.248;36.4973
1.684;-0.652;-0.494;53.3027
0.681;0.026;-0.776;23.7742
-0.863;-1.556;1.674;43.433
-1.345;-0.157;-1.254;33.7619
-0.93;-0.054;-0.376;19.6464
0.027;-1.716;-0.597;33.7649
0.072;1.589;0.341;37.5403
1.386;0.475;0.683;54.119
0.672;0.455;1.329;51.4972
-0.764;-0.826;-0.832;21.5566
-1.441;-1.106;-0.497;45.0028
-0.043;1.847;0.514;28.2772
-0.099;0.938;0.38;20.946
1.258;-0.122;1.293;29.2377
-0.14;-1.664;0.296;34.4965
0.568;1.182;1.785;37.6818
-0.392;1.209;0.453;46.6246
0.706;0.284;0.209;32.9247
1.078;0.905;-1.51;27.1478
-0.806;-1.649;1.727;40.2736
-0.816;-0.243;0.345;31.996
0.957;1.542;1.186;30.8031
0.952;1.573;0.448;42.4701
-1.352;0.512;-0.15;42.1853
-1.223;1.752;1.93;27.4279
0.915;-0.884;1.206;14.2768
1.543;-0.485;0.628;59.5398
-0.777;1.236;0.317;33.7516
0.119;0.313;0.655;32.6853
1.294;-1.761;1.455;48.5344
-1.272;-1.141;-0.535;38.0175
0.652;0.155;-0.491;40.8291
-0.479;-0.701;0.83;39.5356
-1.51;-0.338;-1.428;58.6596
1.686;0.118;0.873;23.1756
1.481;-0.721;1.306;49.6061
1.556;-0.183;1.324;43.9923
1.867;0.521;1.965;31.0654
-1.253;-1.138;-0.208;24.0178
0.362;0.172;0.675;36.9197
-0.203;-1.906;-1.148;17.7966
0.879;1.305;1.414;39.1912
-1.267;-1.185;-0.088;21.6019
1.376;-1.872;-0.022;25.6725
1.132;0.588;0.614;41.3033
0.886;1.12;0.744;18.1376
1.003;-0.355;1.702;33.1301
-0.9;-0.908;-1.583;26.3456
-1.251;0.611;-0.509;49.9092
-1.442;-0.69;-1.012;36.6326
0.856;0.335;-1.274;32.8821
1.087;0.522;0.276;34.5184
-1.944;-0.124;1.078;9.63099
-1.47;0.1;-1.152;29.455
-0.329;-0.709;1.283;41.6257
-0.383;-0.201;1.904;29.964
1.22;0.157;-1.627;33.7516
-0.923;1.708;0.95;18.9172
-0.952;1.204;1.689;26.5494
1.152;1.843;-1.068;15.4711
-0.488;1.094;-0.583;42.1112
0.026;1.336;1.226;27.0639
-1.054;0.384;-1.793;29.8337
1.068;1.983;0.774;15.1257
-0.549;-1.428;0.155;45.2676
1.463;-1.093;-1.453;46.4035
-0.302;-0.146;1.791;27.9026
0.527;-1.466;-1.64;61.1199
-1.907;-0.162;1.808;19.7751
1.66;1.702;1.006;35.0002
0.82;1.592;-1.16;33.3117
1.089;-0.872;1.357;24.6023
0.853;0.726;-1.258;28.8127
1.086;1.54;1.062;26.5386
0.495;-0.94;0.086;23.2581
-1.011;0.451;-1.626;40.4496
-0.676;1.77;1.631;46.2801
1.111;-1.8;0.712;26.5912
-1.962;-1.503;-1.327;42.8028
-0.099;0.083;1.681;20.2457
-0.406;-0.365;-1.619;55.1709
-1.614;-0.203;0.581;46.3485
1.052;1.935;1.252;17.8956
-1.843;0.395;-0.429;45.1431
-1.792;-0.868;-0.081;15.8769
-1.869;1.502;-1.111;32.5182
-1.929;-1.553;-1.009;27.5962
-1.587;0.869;0.212;32.6969
1.494;0.686;-1.156;42.3768
-0.667;-1.601;-0.453;55.8154
-1.927;1.788;1.391;35.2588
-0.073;0.359;1.547;39.4538
-1.513;0.986;0.206;30.5796
1.992;-1.812;0.437;32.8839
-1.428;1.577;0.892;45.3835
0.052;-1.882;1.355;24.6636
-0.519;-0.28;-1.6;52.8006
-1.35;1.658;-0.89;39.0002
-0.756;-0.148;-1.757;26.8849
-0.15;-1.984;-1.97;12.1894
-0.479;-1.312;1.771;47.4824
1.732;1.563;1.124;39.9461
0.457;1.546;1.382;61.1065
1.384;0.469;0.225;47.892
0.535;-0.394;-0.962;39.2726
-1.849;-1.826;1.335;33.203
1.213;-0.667;1.489;46.7875
-1.484;1.766;0.495;54.507
-1.786;1.691;-0.387;45.1627
-1.273;-0.378;0.42;49.3461
1.099;-1.245;-1.346;31.8012
1.971;-1.807;-1.807;23.5702
0.568;-1.183;-0.676;41.6775
-0.296;0.714;-0.105;27.7998
-1.094;0.256;-0.084;14.7011
1.594;-0.724;0.885;36.2795
1.935;-0.467;-0.42;43.51
-1.944;-0.563;1.427;44.9382
-0.4;-0.425;-1.924;42.1613
-0.203;0.32;0.622;39.081
-1.369;1.731;-0.795;40.7031
1.293;-1.058;-1.218;25.6034
1.842;-1.525;-0.691;44.2318
-1.515;1.48;1.884;50.4524
0.619;-0.626;0.676;50.0749
1.104;-1.901;0.68;23.486
-0.9;1.916;-1.576;29.1168
1.63;-1.078;0.444;41.426
-1.547;1.263;1.511;56.6306
0.025;1.026;-1.733;15.379
-1.732;1.319;1.646;48.8576
1.009;-0.843;-0.333;21.321
0.201;-1.529;1.783;40.3028
-1.349;-0.095;-1.271;32.316
0.852;-1.506;0.529;47.1221
-0.586;-1.572;1.782;51.5623
-0.396;0.263;-1.962;33.1149
0.995;1.184;0.114;10.8382
-1.104;-0.118;-1.584;27.066
1.646;1.747;-1.475;54.0816
-0.318;-1.321;-1.382;49.5895
0.765;1.795;-0.172;25.3988
-1.884;-1.251;0.008;17.7306
-1.801;0.872;-0.119;16.5992
0.926;0.965;-0.759;13.102
0.486;-0.988;1.111;24.7715
1.834;-0.836;-1.065;15.8385
-0.672;1.187;-0.654;38.8122
1.358;0.976;-1.515;41.438
1.913;1.352;0.856;27.4779
-0.805;-1.397;0.259;37.8225
0.879;1.089;-0.939;7.84252
0.654;1.653;0.185;40.6199
0.723;-0.927;1.558;35.8746
-0.084;-0.677;-1.077;18.5613
-1.199;-1.842;0.893;19.1903
0.396;1.529;-1.643;59.1963
0.585;0.741;1.051;31.6776
-1.877;1.041;-0.308;21.4364
0.481;0.93;0.241;31.4697
0.036;0.759;-1.081;12.7029
1.26;1.037;0.685;28.0006
-0.646;-1.991;1.015;21.5513
1.532;-1.891;-1.986;31.9593
1.405;1.644;0.587;58.0135
1.531;-1.104;0.66;41.2276
1.452;-1.942;0.913;28.3758
